STEP,POPULATION,HEALTHY,VACCINATED HEALTHY,UNVACCINATED HEALTHY,INFECTED,VACCINATED INFECTED,UNVACCINATED INFECTED,DEATHS FROM INFECTION,DEATHS VACCINATED,DEATHS UNVACCINATED
1,15131,15094,7557,7537,37,9,28,0,0,0
2,15131,15067,7557,7510,64,9,55,0,0,0
3,15131,15036,7557,7479,95,9,86,0,0,0
4,15131,15014,7557,7457,117,9,108,0,0,0
5,15131,14984,7557,7427,147,9,138,0,0,0
6,15130,14958,7557,7401,172,9,163,1,0,1
7,15130,14928,7557,7371,202,9,193,1,0,1
8,15130,14899,7557,7342,231,9,222,1,0,1
9,15130,14860,7556,7304,270,10,260,1,0,1
10,15130,14820,7556,7264,310,10,300,1,0,1
11,15130,14783,7556,7227,347,10,337,1,0,1
12,15128,14747,7556,7191,381,10,371,3,0,3
13,15126,14696,7556,7140,430,10,420,5,0,5
14,15125,14649,7556,7093,476,10,466,6,0,6
15,15124,14593,7555,7038,531,11,520,7,0,7
16,15123,14539,7555,6984,584,11,573,8,0,8
17,15121,14464,7554,6910,657,12,645,10,0,10
18,15120,14391,7554,6837,729,12,717,11,0,11
19,15119,14312,7554,6758,807,12,795,12,0,12
20,15117,14236,7554,6682,881,12,869,14,0,14
21,15116,14155,7555,6600,961,11,950,15,0,15
22,15115,14081,7553,6528,1034,13,1021,16,0,16
23,15113,14009,7552,6457,1104,14,1090,18,0,18
24,15113,13936,7553,6383,1177,13,1164,18,0,18
25,15111,13861,7552,6309,1250,14,1236,20,0,20
26,15107,13785,7554,6231,1322,12,1310,24,0,24
27,15105,13729,7554,6175,1376,12,1364,26,0,26
28,15103,13671,7556,6115,1432,10,1422,28,0,28
29,15100,13609,7557,6052,1491,9,1482,31,0,31
30,15097,13537,7555,5982,1560,11,1549,34,0,34
31,15096,13456,7554,5902,1640,12,1628,35,0,35
32,15092,13391,7553,5838,1701,13,1688,39,0,39
33,15090,13321,7552,5769,1769,14,1755,41,0,41
34,15087,13201,7553,5648,1886,13,1873,44,0,44
35,15085,13116,7552,5564,1969,14,1955,46,0,46
36,15082,13026,7552,5474,2056,14,2042,49,0,49
37,15078,12940,7552,5388,2138,14,2124,53,0,53
38,15074,12843,7551,5292,2231,15,2216,57,0,57
39,15072,12747,7550,5197,2325,16,2309,59,0,59
40,15071,12672,7551,5121,2399,15,2384,60,0,60
41,15067,12602,7551,5051,2465,15,2450,64,0,64
42,15063,12495,7550,4945,2568,16,2552,68,0,68
43,15056,12417,7550,4867,2639,16,2623,75,0,75
44,15054,12309,7551,4758,2745,15,2730,77,0,77
45,15049,12226,7552,4674,2823,14,2809,82,0,82
46,15045,12149,7552,4597,2896,14,2882,86,0,86
47,15043,12076,7552,4524,2967,14,2953,88,0,88
48,15037,12012,7551,4461,3025,15,3010,94,0,94
49,15030,11929,7550,4379,3101,16,3085,101,0,101
50,15026,11845,7549,4296,3181,16,3165,105,1,104
51,15020,11726,7549,4177,3294,16,3278,111,1,110
52,15018,11636,7550,4086,3382,15,3367,113,1,112
53,15014,11559,7548,4011,3455,17,3438,117,1,116
54,15008,11481,7546,3935,3527,19,3508,123,1,122
55,15004,11394,7546,3848,3610,19,3591,127,1,126
56,14999,11324,7548,3776,3675,17,3658,132,1,131
57,14991,11257,7547,3710,3734,18,3716,140,1,139
58,14985,11188,7549,3639,3797,16,3781,146,1,145
59,14977,11126,7548,3578,3851,16,3835,154,2,152
60,14970,11078,7547,3531,3892,17,3875,161,2,159
61,14963,11002,7544,3458,3961,20,3941,168,2,166
62,14957,10936,7542,3394,4021,22,3999,174,2,172
63,14953,10871,7542,3329,4082,22,4060,178,2,176
64,14941,10788,7539,3249,4153,25,4128,190,2,188
65,14939,10712,7538,3174,4227,26,4201,192,2,190
66,14929,10653,7537,3116,4276,27,4249,202,2,200
67,14924,10587,7536,3051,4337,28,4309,207,2,205
68,14918,10531,7535,2996,4387,29,4358,213,2,211
69,14903,10479,7532,2947,4424,31,4393,228,3,225
70,14901,10410,7532,2878,4491,31,4460,230,3,227
71,14893,10325,7532,2793,4568,31,4537,238,3,235
72,14887,10289,7532,2757,4598,31,4567,244,3,241
73,14882,10223,7532,2691,4659,31,4628,249,3,246
74,14875,10155,7531,2624,4720,32,4688,256,3,253
75,14865,10098,7532,2566,4767,31,4736,266,3,263
76,14857,10034,7532,2502,4823,31,4792,274,3,271
77,14854,10007,7534,2473,4847,29,4818,277,3,274
78,14846,9949,7534,2415,4897,29,4868,285,3,282
79,14838,9904,7535,2369,4934,28,4906,293,3,290
80,14831,9816,7532,2284,5015,31,4984,300,3,297
81,14819,9749,7533,2216,5070,30,5040,312,3,309
82,14812,9714,7534,2180,5098,29,5069,319,3,316
83,14809,9685,7534,2151,5124,29,5095,322,3,319
84,14798,9644,7534,2110,5154,29,5125,333,3,330
85,14788,9583,7532,2051,5205,31,5174,343,3,340
86,14777,9535,7535,2000,5242,28,5214,354,3,351
87,14768,9518,7534,1984,5250,29,5221,363,3,360
88,14759,9490,7533,1957,5269,30,5239,372,3,369
89,14755,9464,7533,1931,5291,30,5261,376,3,373
90,14747,9401,7534,1867,5346,29,5317,384,3,381
91,14735,9381,7535,1846,5354,28,5326,396,3,393
92,14725,9344,7535,1809,5381,28,5353,406,3,403
93,14709,9307,7530,1777,5402,33,5369,422,3,419
94,14701,9235,7526,1709,5466,37,5429,430,3,427
95,14699,9188,7527,1661,5511,36,5475,432,3,429
96,14689,9165,7530,1635,5524,33,5491,442,3,439
97,14676,9151,7529,1622,5525,34,5491,455,3,452
98,14669,9119,7528,1591,5550,35,5515,462,3,459
99,14660,9085,7527,1558,5575,35,5540,471,4,467
100,14651,9037,7528,1509,5614,34,5580,480,4,476
101,14640,8996,7526,1470,5644,35,5609,491,5,486
102,14630,8994,7527,1467,5636,34,5602,501,5,496
103,14619,8958,7525,1433,5661,36,5625,512,5,507
104,14614,8914,7524,1390,5700,37,5663,517,5,512
105,14608,8901,7522,1379,5707,39,5668,523,5,518
106,14601,8880,7524,1356,5721,37,5684,530,5,525
107,14592,8850,7520,1330,5742,41,5701,539,5,534
108,14583,8830,7518,1312,5753,43,5710,548,5,543
109,14571,8817,7518,1299,5754,43,5711,560,5,555
110,14565,8802,7517,1285,5763,44,5719,566,5,561
111,14554,8785,7521,1264,5769,40,5729,577,5,572
112,14547,8759,7521,1238,5788,40,5748,584,5,579
113,14535,8725,7522,1203,5810,38,5772,596,6,590
114,14532,8737,7518,1219,5795,42,5753,599,6,593
115,14521,8677,7518,1159,5844,42,5802,610,6,604
116,14513,8684,7515,1169,5829,45,5784,618,6,612
117,14506,8653,7514,1139,5853,46,5807,625,6,619
118,14495,8647,7516,1131,5848,44,5804,636,6,630
119,14486,8630,7515,1115,5856,45,5811,645,6,639
120,14476,8608,7513,1095,5868,47,5821,655,6,649
121,14463,8568,7513,1055,5895,47,5848,668,6,662
122,14453,8559,7513,1046,5894,47,5847,678,6,672
123,14446,8551,7508,1043,5895,52,5843,685,6,679
124,14439,8577,7509,1068,5862,51,5811,692,6,686
125,14435,8571,7509,1062,5864,51,5813,696,6,690
126,14426,8557,7511,1046,5869,49,5820,705,6,699
127,14413,8537,7509,1028,5876,51,5825,718,6,712
128,14410,8555,7508,1047,5855,52,5803,721,6,715
129,14405,8534,7508,1026,5871,52,5819,726,6,720
130,14400,8521,7509,1012,5879,51,5828,731,6,725
131,14391,8515,7507,1008,5876,53,5823,740,6,734
132,14382,8536,7510,1026,5846,50,5796,749,6,743
133,14370,8509,7510,999,5861,49,5812,761,7,754
134,14365,8482,7510,972,5883,49,5834,766,7,759
135,14363,8458,7510,948,5905,49,5856,768,7,761
136,14352,8466,7509,957,5886,50,5836,779,7,772
137,14345,8460,7510,950,5885,49,5836,786,7,779
138,14332,8448,7508,940,5884,51,5833,799,7,792
139,14325,8422,7505,917,5903,54,5849,806,7,799
140,14317,8433,7506,927,5884,53,5831,814,7,807
141,14305,8451,7506,945,5854,52,5802,826,8,818
142,14299,8437,7507,930,5862,51,5811,832,8,824
143,14294,8397,7508,889,5897,50,5847,837,8,829
144,14291,8420,7509,911,5871,49,5822,840,8,832
145,14283,8403,7508,895,5880,50,5830,848,8,840
146,14277,8394,7512,882,5883,46,5837,854,8,846
147,14270,8386,7516,870,5884,42,5842,861,8,853
148,14264,8411,7516,895,5853,42,5811,867,8,859
149,14257,8410,7516,894,5847,41,5806,874,9,865
150,14250,8408,7518,890,5842,39,5803,881,9,872
151,14245,8402,7518,884,5843,39,5804,886,9,877
152,14240,8400,7516,884,5840,41,5799,891,9,882
153,14234,8414,7520,894,5820,37,5783,897,9,888
154,14224,8420,7518,902,5804,39,5765,907,9,898
155,14219,8400,7516,884,5819,41,5778,912,9,903
156,14210,8369,7514,855,5841,43,5798,921,9,912
157,14202,8370,7515,855,5832,42,5790,929,9,920
158,14192,8376,7518,858,5816,39,5777,939,9,930
159,14183,8355,7516,839,5828,41,5787,948,9,939
160,14177,8374,7515,859,5803,42,5761,954,9,945
161,14168,8345,7515,830,5823,42,5781,963,9,954
162,14162,8351,7516,835,5811,41,5770,969,9,960
163,14148,8350,7516,834,5798,41,5757,983,9,974
164,14137,8333,7517,816,5804,40,5764,994,9,985
165,14129,8316,7516,800,5813,41,5772,1002,9,993
166,14118,8307,7518,789,5811,39,5772,1013,9,1004
167,14110,8300,7518,782,5810,39,5771,1021,9,1012
168,14100,8309,7520,789,5791,37,5754,1031,9,1022
169,14094,8313,7522,791,5781,35,5746,1037,9,1028
170,14087,8291,7522,769,5796,35,5761,1044,9,1035
171,14078,8319,7521,798,5759,36,5723,1053,9,1044
172,14072,8294,7521,773,5778,36,5742,1059,9,1050
173,14066,8269,7519,750,5797,37,5760,1065,10,1055
174,14059,8270,7520,750,5789,35,5754,1072,11,1061
175,14052,8251,7518,733,5801,37,5764,1079,11,1068
176,14046,8255,7519,736,5791,36,5755,1085,11,1074
177,14040,8224,7519,705,5816,35,5781,1091,12,1079
178,14032,8231,7519,712,5801,35,5766,1099,12,1087
179,14028,8217,7518,699,5811,36,5775,1103,12,1091
180,14018,8207,7520,687,5811,34,5777,1113,12,1101
181,14007,8210,7520,690,5797,34,5763,1124,12,1112
182,13998,8204,7519,685,5794,35,5759,1133,12,1121
183,13988,8213,7523,690,5775,30,5745,1143,13,1130
184,13981,8223,7522,701,5758,31,5727,1150,13,1137
185,13975,8224,7521,703,5751,32,5719,1156,13,1143
186,13969,8239,7522,717,5730,31,5699,1162,13,1149
187,13959,8218,7525,693,5741,26,5715,1172,15,1157
188,13952,8205,7526,679,5747,25,5722,1179,15,1164
189,13944,8193,7525,668,5751,26,5725,1187,15,1172
190,13937,8193,7526,667,5744,25,5719,1194,15,1179
191,13934,8187,7523,664,5747,28,5719,1197,15,1182
192,13926,8199,7522,677,5727,29,5698,1205,15,1190
193,13919,8181,7520,661,5738,31,5707,1212,15,1197
194,13913,8195,7519,676,5718,32,5686,1218,15,1203
195,13910,8182,7520,662,5728,31,5697,1221,15,1206
196,13899,8180,7518,662,5719,32,5687,1232,16,1216
197,13895,8162,7517,645,5733,33,5700,1236,16,1220
198,13890,8160,7517,643,5730,33,5697,1241,16,1225
199,13886,8140,7515,625,5746,35,5711,1245,16,1229
200,13880,8138,7515,623,5742,35,5707,1251,16,1235
201,13873,8132,7514,618,5741,36,5705,1258,16,1242
202,13867,8100,7514,586,5767,36,5731,1264,16,1248
203,13860,8119,7513,606,5741,37,5704,1271,16,1255
204,13855,8124,7510,614,5731,40,5691,1276,16,1260
205,13847,8132,7512,620,5715,38,5677,1284,16,1268
206,13839,8124,7511,613,5715,39,5676,1292,16,1276
207,13828,8124,7509,615,5704,41,5663,1303,16,1287
208,13819,8131,7508,623,5688,42,5646,1312,16,1296
209,13811,8108,7508,600,5703,42,5661,1320,16,1304
210,13799,8106,7507,599,5693,43,5650,1332,16,1316
211,13796,8099,7508,591,5697,42,5655,1335,16,1319
212,13788,8081,7507,574,5707,43,5664,1343,16,1327
213,13782,8077,7506,571,5705,44,5661,1349,16,1333
214,13773,8074,7504,570,5699,46,5653,1358,16,1342
215,13764,8068,7505,563,5696,45,5651,1367,16,1351
216,13757,8068,7508,560,5689,42,5647,1374,16,1358
217,13750,8083,7504,579,5667,46,5621,1381,16,1365
218,13745,8094,7504,590,5651,46,5605,1386,16,1370
219,13742,8099,7502,597,5643,48,5595,1389,16,1373
220,13733,8098,7503,595,5635,47,5588,1398,16,1382
221,13724,8130,7503,627,5594,47,5547,1407,16,1391
222,13715,8115,7503,612,5600,47,5553,1416,16,1400
223,13711,8095,7505,590,5616,45,5571,1420,16,1404
224,13703,8086,7505,581,5617,44,5573,1428,17,1411
225,13697,8082,7506,576,5615,43,5572,1434,17,1417
226,13692,8095,7508,587,5597,41,5556,1439,17,1422
227,13687,8102,7512,590,5585,37,5548,1444,17,1427
228,13681,8094,7511,583,5587,38,5549,1450,17,1433
229,13674,8104,7510,594,5570,39,5531,1457,17,1440
230,13664,8102,7509,593,5562,40,5522,1467,17,1450
231,13655,8101,7506,595,5554,43,5511,1476,17,1459
232,13650,8084,7505,579,5566,44,5522,1481,17,1464
233,13639,8084,7499,585,5555,49,5506,1492,18,1474
234,13633,8068,7501,567,5565,47,5518,1498,18,1480
235,13628,8077,7504,573,5551,44,5507,1503,18,1485
236,13623,8081,7502,579,5542,46,5496,1508,18,1490
237,13620,8101,7501,600,5519,47,5472,1511,18,1493
238,13614,8128,7497,631,5486,50,5436,1517,19,1498
239,13604,8103,7495,608,5501,52,5449,1527,19,1508
240,13595,8094,7498,596,5501,49,5452,1536,19,1517
241,13591,8104,7500,604,5487,47,5440,1540,19,1521
242,13587,8100,7503,597,5487,44,5443,1544,19,1525
243,13577,8066,7503,563,5511,44,5467,1554,19,1535
244,13570,8074,7499,575,5496,48,5448,1561,19,1542
245,13563,8071,7497,574,5492,50,5442,1568,19,1549
246,13555,8075,7497,578,5480,49,5431,1576,20,1556
247,13549,8066,7496,570,5483,50,5433,1582,20,1562
248,13541,8084,7498,586,5457,48,5409,1590,20,1570
249,13536,8090,7497,593,5446,49,5397,1595,20,1575
250,13530,8085,7495,590,5445,51,5394,1601,20,1581
251,13523,8096,7491,605,5427,54,5373,1608,21,1587
252,13518,8101,7494,607,5417,51,5366,1613,21,1592
253,13515,8093,7494,599,5422,51,5371,1616,21,1595
254,13510,8081,7493,588,5429,52,5377,1621,21,1600
255,13504,8086,7490,596,5418,55,5363,1627,21,1606
256,13500,8056,7491,565,5444,54,5390,1631,21,1610
257,13491,8068,7491,577,5423,53,5370,1640,22,1618
258,13486,8092,7494,598,5394,50,5344,1645,22,1623
259,13480,8084,7496,588,5396,48,5348,1651,22,1629
260,13475,8087,7500,587,5388,44,5344,1656,22,1634
261,13470,8094,7498,596,5376,46,5330,1661,22,1639
262,13464,8075,7498,577,5389,46,5343,1667,22,1645
263,13462,8085,7498,587,5377,46,5331,1669,22,1647
264,13459,8094,7498,596,5365,46,5319,1672,22,1650
265,13452,8087,7497,590,5365,46,5319,1679,23,1656
266,13446,8077,7497,580,5369,46,5323,1685,23,1662
267,13441,8107,7500,607,5334,43,5291,1690,23,1667
268,13437,8097,7500,597,5340,43,5297,1694,23,1671
269,13435,8065,7499,566,5370,44,5326,1696,23,1673
270,13432,8079,7499,580,5353,44,5309,1699,23,1676
271,13423,8088,7499,589,5335,44,5291,1708,23,1685
272,13417,8069,7500,569,5348,43,5305,1714,23,1691
273,13414,8084,7499,585,5330,44,5286,1717,23,1694
274,13409,8089,7499,590,5320,44,5276,1722,23,1699
275,13404,8097,7498,599,5307,45,5262,1727,23,1704
276,13399,8097,7497,600,5302,46,5256,1732,23,1709
277,13392,8105,7496,609,5287,47,5240,1739,23,1716
278,13385,8100,7498,602,5285,44,5241,1746,24,1722
279,13375,8105,7499,606,5270,43,5227,1756,24,1732
280,13372,8095,7496,599,5277,46,5231,1759,24,1735
281,13369,8081,7496,585,5288,46,5242,1762,24,1738
282,13367,8056,7496,560,5311,46,5265,1764,24,1740
283,13364,8070,7493,577,5294,49,5245,1767,24,1743
284,13355,8075,7497,578,5280,45,5235,1776,24,1752
285,13349,8090,7498,592,5259,44,5215,1782,24,1758
286,13346,8096,7497,599,5250,45,5205,1785,24,1761
287,13335,8082,7493,589,5253,49,5204,1796,24,1772
288,13334,8087,7493,594,5247,49,5198,1797,24,1773
289,13329,8102,7495,607,5227,47,5180,1802,24,1778
290,13323,8078,7497,581,5245,45,5200,1808,24,1784
291,13317,8100,7498,602,5217,44,5173,1814,24,1790
292,13310,8096,7500,596,5214,42,5172,1821,24,1797
293,13309,8091,7500,591,5218,42,5176,1822,24,1798
294,13306,8113,7500,613,5193,42,5151,1825,24,1801
295,13301,8115,7501,614,5186,41,5145,1830,24,1806
296,13293,8121,7498,623,5172,44,5128,1838,24,1814
297,13290,8126,7496,630,5164,46,5118,1841,24,1817
298,13288,8114,7496,618,5174,46,5128,1843,24,1819
299,13283,8122,7494,628,5161,48,5113,1848,24,1824
300,13282,8116,7496,620,5166,46,5120,1849,24,1825
301,13275,8090,7495,595,5185,47,5138,1856,24,1832
302,13268,8100,7494,606,5168,48,5120,1863,24,1839
303,13262,8117,7495,622,5145,47,5098,1869,24,1845
304,13253,8104,7497,607,5149,45,5104,1878,24,1854
305,13250,8107,7498,609,5143,44,5099,1881,24,1857
306,13244,8112,7497,615,5132,45,5087,1887,24,1863
307,13239,8125,7500,625,5114,42,5072,1892,24,1868
308,13237,8121,7502,619,5116,40,5076,1894,24,1870
309,13231,8124,7503,621,5107,39,5068,1900,24,1876
310,13230,8105,7502,603,5125,40,5085,1901,24,1877
311,13227,8107,7502,605,5120,40,5080,1904,24,1880
312,13221,8114,7501,613,5107,41,5066,1910,24,1886
313,13213,8095,7501,594,5118,41,5077,1918,24,1894
314,13205,8087,7498,589,5118,44,5074,1926,24,1902
315,13201,8113,7499,614,5088,43,5045,1930,24,1906
316,13197,8098,7500,598,5099,42,5057,1934,24,1910
317,13188,8086,7501,585,5102,39,5063,1943,26,1917
318,13183,8088,7503,585,5095,37,5058,1948,26,1922
319,13180,8105,7505,600,5075,35,5040,1951,26,1925
320,13175,8100,7507,593,5075,33,5042,1956,26,1930
321,13173,8100,7508,592,5073,32,5041,1958,26,1932
322,13172,8102,7508,594,5070,32,5038,1959,26,1933
323,13169,8096,7505,591,5073,35,5038,1962,26,1936
324,13165,8082,7505,577,5083,35,5048,1966,26,1940
325,13162,8091,7506,585,5071,34,5037,1969,26,1943
326,13159,8113,7505,608,5046,35,5011,1972,26,1946
327,13154,8125,7505,620,5029,35,4994,1977,26,1951
328,13145,8160,7504,656,4985,36,4949,1986,26,1960
329,13144,8176,7505,671,4968,35,4933,1987,26,1961
330,13142,8173,7504,669,4969,36,4933,1989,26,1963
331,13136,8158,7504,654,4978,36,4942,1995,26,1969
332,13132,8155,7506,649,4977,34,4943,1999,26,1973
333,13129,8162,7506,656,4967,34,4933,2002,26,1976
334,13125,8149,7506,643,4976,34,4942,2006,26,1980
335,13118,8138,7505,633,4980,35,4945,2013,26,1987
336,13111,8138,7502,636,4973,38,4935,2020,26,1994
337,13106,8119,7504,615,4987,36,4951,2025,26,1999
338,13101,8123,7502,621,4978,38,4940,2030,26,2004
339,13097,8123,7504,619,4974,36,4938,2034,26,2008
340,13092,8111,7504,607,4981,36,4945,2039,26,2013
341,13088,8120,7504,616,4968,36,4932,2043,26,2017
342,13083,8135,7505,630,4948,35,4913,2048,26,2022
343,13079,8125,7505,620,4954,34,4920,2052,27,2025
344,13076,8138,7505,633,4938,34,4904,2055,27,2028
345,13069,8133,7504,629,4936,35,4901,2062,27,2035
346,13065,8140,7504,636,4925,35,4890,2066,27,2039
347,13061,8087,7505,582,4974,34,4940,2070,27,2043
348,13056,8115,7507,608,4941,32,4909,2075,27,2048
349,13046,8095,7507,588,4951,32,4919,2085,27,2058
350,13043,8121,7507,614,4922,32,4890,2088,27,2061
351,13040,8136,7504,632,4904,35,4869,2091,27,2064
352,13037,8149,7502,647,4888,37,4851,2094,27,2067
353,13029,8163,7501,662,4866,38,4828,2102,27,2075
354,13029,8159,7501,658,4870,38,4832,2102,27,2075
355,13028,8128,7500,628,4900,39,4861,2103,27,2076
356,13025,8125,7502,623,4900,37,4863,2106,27,2079
357,13021,8128,7502,626,4893,37,4856,2110,27,2083
358,13018,8131,7504,627,4887,35,4852,2113,27,2086
359,13013,8157,7507,650,4856,32,4824,2118,27,2091
360,13008,8140,7505,635,4868,34,4834,2123,27,2096
361,13006,8169,7505,664,4837,34,4803,2125,27,2098
362,12998,8167,7505,662,4831,34,4797,2133,27,2106
363,12992,8175,7507,668,4817,32,4785,2139,27,2112
364,12988,8168,7505,663,4820,33,4787,2143,28,2115
365,12986,8135,7506,629,4851,32,4819,2145,28,2117
366,12980,8135,7506,629,4845,32,4813,2151,28,2123
367,12977,8138,7508,630,4839,29,4810,2154,29,2125
368,12974,8135,7508,627,4839,29,4810,2157,29,2128
369,12972,8156,7509,647,4816,28,4788,2159,29,2130
370,12969,8153,7508,645,4816,29,4787,2162,29,2133
371,12964,8154,7508,646,4810,29,4781,2167,29,2138
372,12963,8148,7509,639,4815,28,4787,2168,29,2139
373,12955,8161,7509,652,4794,28,4766,2176,29,2147
374,12954,8158,7509,649,4796,28,4768,2177,29,2148
375,12950,8142,7508,634,4808,29,4779,2181,29,2152
376,12948,8128,7509,619,4820,28,4792,2183,29,2154
377,12946,8157,7510,647,4789,27,4762,2185,29,2156
378,12941,8166,7511,655,4775,26,4749,2190,29,2161
379,12939,8166,7512,654,4773,25,4748,2192,29,2163
380,12938,8147,7511,636,4791,25,4766,2193,30,2163
381,12933,8152,7510,642,4781,25,4756,2198,31,2167
382,12929,8132,7507,625,4797,28,4769,2202,31,2171
383,12926,8151,7506,645,4775,29,4746,2205,31,2174
384,12923,8152,7506,646,4771,29,4742,2208,31,2177
385,12921,8139,7507,632,4782,28,4754,2210,31,2179
386,12916,8135,7507,628,4781,28,4753,2215,31,2184
387,12913,8163,7505,658,4750,30,4720,2218,31,2187
388,12909,8154,7504,650,4755,31,4724,2222,31,2191
389,12904,8145,7505,640,4759,30,4729,2227,31,2196
390,12902,8120,7506,614,4782,29,4753,2229,31,2198
391,12899,8134,7508,626,4765,27,4738,2232,31,2201
392,12893,8167,7508,659,4726,27,4699,2238,31,2207
393,12892,8163,7505,658,4729,30,4699,2239,31,2208
394,12889,8162,7503,659,4727,32,4695,2242,31,2211
395,12885,8136,7501,635,4749,34,4715,2246,31,2215
396,12881,8135,7501,634,4746,34,4712,2250,31,2219
397,12880,8127,7501,626,4753,34,4719,2251,31,2220
398,12875,8124,7499,625,4751,36,4715,2256,31,2225
399,12872,8125,7497,628,4747,38,4709,2259,31,2228
400,12867,8128,7493,635,4739,42,4697,2264,31,2233
401,12863,8122,7495,627,4741,40,4701,2268,31,2237
402,12860,8124,7494,630,4736,41,4695,2271,31,2240
403,12857,8119,7495,624,4738,40,4698,2274,31,2243
404,12855,8154,7493,661,4701,42,4659,2276,31,2245
405,12850,8158,7490,668,4692,45,4647,2281,31,2250
406,12847,8155,7490,665,4692,45,4647,2284,31,2253
407,12844,8147,7490,657,4697,45,4652,2287,31,2256
408,12840,8164,7492,672,4676,43,4633,2291,31,2260
409,12838,8179,7491,688,4659,44,4615,2293,31,2262
410,12836,8179,7493,686,4657,42,4615,2295,31,2264
411,12834,8164,7495,669,4670,40,4630,2297,31,2266
412,12831,8167,7494,673,4664,41,4623,2300,31,2269
413,12827,8149,7494,655,4678,41,4637,2304,31,2273
414,12822,8153,7492,661,4669,43,4626,2309,31,2278
415,12817,8139,7492,647,4678,43,4635,2314,31,2283
416,12812,8114,7493,621,4698,42,4656,2319,31,2288
417,12810,8117,7493,624,4693,42,4651,2321,31,2290
418,12809,8132,7494,638,4677,41,4636,2322,31,2291
419,12805,8128,7492,636,4677,43,4634,2326,31,2295
420,12803,8126,7491,635,4677,44,4633,2328,31,2297
421,12799,8129,7490,639,4670,45,4625,2332,31,2301
422,12793,8146,7493,653,4647,41,4606,2338,32,2306
423,12789,8155,7495,660,4634,39,4595,2342,32,2310
424,12785,8148,7493,655,4637,40,4597,2346,33,2313
425,12783,8159,7496,663,4624,37,4587,2348,33,2315
426,12779,8152,7495,657,4627,38,4589,2352,33,2319
427,12778,8160,7498,662,4618,35,4583,2353,33,2320
428,12776,8159,7499,660,4617,34,4583,2355,33,2322
429,12769,8138,7498,640,4631,35,4596,2362,33,2329
430,12767,8142,7501,641,4625,32,4593,2364,33,2331
431,12765,8145,7501,644,4620,32,4588,2366,33,2333
432,12762,8145,7502,643,4617,31,4586,2369,33,2336
433,12758,8142,7503,639,4616,30,4586,2373,33,2340
434,12754,8145,7503,642,4609,30,4579,2377,33,2344
435,12752,8162,7503,659,4590,30,4560,2379,33,2346
436,12750,8174,7503,671,4576,30,4546,2381,33,2348
437,12745,8184,7501,683,4561,32,4529,2386,33,2353
438,12740,8174,7501,673,4566,32,4534,2391,33,2358
439,12737,8178,7500,678,4559,32,4527,2394,34,2360
440,12733,8191,7503,688,4542,29,4513,2398,34,2364
441,12730,8166,7505,661,4564,27,4537,2401,34,2367
442,12726,8164,7505,659,4562,27,4535,2405,34,2371
443,12722,8139,7504,635,4583,28,4555,2409,34,2375
444,12720,8150,7502,648,4570,30,4540,2411,34,2377
445,12716,8133,7503,630,4583,29,4554,2415,34,2381
446,12715,8145,7501,644,4570,31,4539,2416,34,2382
447,12714,8140,7500,640,4574,32,4542,2417,34,2383
448,12710,8130,7499,631,4580,33,4547,2421,34,2387
449,12709,8125,7498,627,4584,34,4550,2422,34,2388
450,12704,8138,7499,639,4566,33,4533,2427,34,2393
451,12700,8153,7496,657,4547,36,4511,2431,34,2397
452,12695,8128,7496,632,4567,36,4531,2436,34,2402
453,12690,8127,7498,629,4563,34,4529,2441,34,2407
454,12689,8129,7496,633,4560,36,4524,2442,34,2408
455,12688,8128,7495,633,4560,37,4523,2443,34,2409
456,12685,8151,7495,656,4534,37,4497,2446,34,2412
457,12683,8173,7496,677,4510,36,4474,2448,34,2414
458,12679,8135,7495,640,4544,37,4507,2452,34,2418
459,12676,8118,7493,625,4558,39,4519,2455,34,2421
460,12675,8151,7492,659,4524,40,4484,2456,34,2422
461,12671,8162,7494,668,4509,38,4471,2460,34,2426
462,12668,8170,7494,676,4498,38,4460,2463,34,2429
463,12664,8164,7493,671,4500,39,4461,2467,34,2433
464,12661,8151,7494,657,4510,38,4472,2470,34,2436
465,12660,8158,7492,666,4502,40,4462,2471,34,2437
466,12656,8145,7490,655,4511,42,4469,2475,34,2441
467,12651,8164,7492,672,4487,39,4448,2480,35,2445
468,12650,8165,7492,673,4485,39,4446,2481,35,2446
469,12648,8175,7493,682,4473,38,4435,2483,35,2448
470,12642,8194,7495,699,4448,36,4412,2489,35,2454
471,12634,8192,7496,696,4442,35,4407,2497,35,2462
472,12631,8179,7493,686,4452,38,4414,2500,35,2465
473,12628,8197,7496,701,4431,35,4396,2503,35,2468
474,12624,8180,7495,685,4444,36,4408,2507,35,2472
475,12622,8148,7492,656,4474,39,4435,2509,35,2474
476,12619,8178,7494,684,4441,37,4404,2512,35,2477
477,12615,8168,7492,676,4447,39,4408,2516,35,2481
478,12610,8157,7491,666,4453,40,4413,2521,35,2486
479,12608,8138,7492,646,4470,39,4431,2523,35,2488
480,12605,8150,7490,660,4455,41,4414,2526,35,2491
481,12603,8158,7488,670,4445,43,4402,2528,35,2493
482,12601,8159,7487,672,4442,44,4398,2530,35,2495
483,12597,8163,7484,679,4434,47,4387,2534,35,2499
484,12596,8127,7485,642,4469,46,4423,2535,35,2500
485,12590,8131,7485,646,4459,46,4413,2541,35,2506
486,12585,8117,7487,630,4468,43,4425,2546,36,2510
487,12579,8112,7485,627,4467,45,4422,2552,36,2516
488,12575,8121,7486,635,4454,44,4410,2556,36,2520
489,12574,8127,7486,641,4447,44,4403,2557,36,2521
490,12571,8150,7488,662,4421,42,4379,2560,36,2524
491,12569,8163,7488,675,4406,42,4364,2562,36,2526
492,12565,8156,7490,666,4409,40,4369,2566,36,2530
493,12561,8138,7490,648,4423,39,4384,2570,37,2533
494,12555,8138,7491,647,4417,38,4379,2576,37,2539
495,12552,8134,7490,644,4418,39,4379,2579,37,2542
496,12547,8124,7490,634,4423,39,4384,2584,37,2547
497,12543,8146,7489,657,4397,40,4357,2588,37,2551
498,12533,8162,7490,672,4371,39,4332,2598,37,2561
499,12532,8167,7492,675,4365,37,4328,2599,37,2562
500,12528,8137,7491,646,4391,38,4353,2603,37,2566
